0.9064715636285545
2.5766127043066267
0.9064715636285545
0.22262875140362723
0.9064715636285545
2.5407983784381454
0.9064715636285545
-0.8059533890034357
0.9064715636285545
-0.9215537121431373
0.9064715636285545
-1.7842163071531725
0.9064715636285545
6.177975978720661
0.9064715636285545
0.058735241454084985
0.9064715636285545
3.57440194333687
0.9064715636285545
2.2664366406035943
0.9064715636285545
-0.6564884305649747
0.9064715636285545
-0.1882688976733593
0.9064715636285545
0.4672075394498107
0.9064715636285545
4.3913570168563005
0.9064715636285545
1.32735255307743
0.9064715636285545
-2.263440204814917
