0.9876108928564085
2.5766127043066267
0.9876108928564085
3.6009170219949294
0.9876108928564085
-25.249234594415206
0.9876108928564085
2.7908566822727963
0.9876108928564085
-0.922710927598812
0.9876108928564085
-0.07800652971243482
0.9876108928564085
4.810315486072107
0.9876108928564085
3.9152847996378854
0.9876108928564085
3.5157454719799768
0.9876108928564085
-2.5989435050916385
0.9876108928564085
12.420103611275106
0.9876108928564085
3.172661852961511
0.9876108928564085
0.15065429607196557
0.9876108928564085
4.533978997708858
0.9876108928564085
3.8949390020456187
0.9876108928564085
2.9431329620747846
