0.7790814477537032
2.4914040160690076
0.7790814477537032
0.22262875140362723
0.7790814477537032
2.58438001033927
0.7790814477537032
2.790856682272793
0.7790814477537032
3.1269066286347895
0.7790814477537032
2.5203439005060737
0.7790814477537032
6.079766433761947
0.7790814477537032
-0.15897087166006243
0.7790814477537032
3.423058788022441
0.7790814477537032
1.4235644970785604
0.7790814477537032
-0.9502720901745149
0.7790814477537032
3.172661852961513
0.7790814477537032
4.481842423768495
0.7790814477537032
4.379199975074088
0.7790814477537032
1.1225125191594012
0.7790814477537032
-1.1282583554833958
